1,26
2,15
3,21
4,33
5,62
6,21
7,61
8,33
9,59
10,95
11,80
12,99
13,68
14,69
15,89
16,53
17,41
18,74
19,80
20,27
21,85
22,44
23,95
24,89
25,3
26,2
27,65
28,6
29,2
30,52
31,55
32,15
33,8
34,97
35,64
36,19
37,28
38,81
39,58
40,36
41,91
42,18
43,32
44,27
45,76
46,78
47,73
48,33
49,74
50,1
51,71
52,82
53,53
54,42
55,65
56,22
57,60
58,71
59,50
60,51
61,76
62,23
63,63
64,65
65,56
66,18
67,3
68,33
69,94
70,55
71,95
72,54
73,50
74,43
75,49
76,46
77,82
78,54
79,12
80,7
81,10
82,2
83,37
84,35
85,57
86,76
87,51
88,50
89,82
90,17
91,71
92,86
93,13
94,2
95,78
96,73
97,13
98,26
99,53
100,52
101,33
102,14
103,24
104,21
105,99
106,5
107,83
108,31
109,9
110,34
111,55
112,60
113,22
114,94
115,69
116,85
117,91
118,77
119,49
120,32
121,22
122,39
123,79
124,93
125,6
126,47
127,99
128,67
129,35
130,91
131,3
132,23
133,52
134,77
135,32
136,48
137,14
138,40
139,17
140,66
141,42
142,91
143,3
144,77
145,30
146,76
147,39
148,30
149,46
150,34
151,80
152,86
153,55
154,77
155,68
156,34
157,92
158,70
159,23
160,85
161,62
162,70
163,94
164,27
165,73
166,54
167,89
168,41
169,24
170,55
171,1
172,19
173,51
174,86
175,15
176,13
177,10
178,66
179,62
180,9
181,1
182,47
183,46
184,48
185,25
186,69
187,53
188,89
189,19
190,38
191,25
192,79
193,77
194,15
195,73
196,45
197,86
198,98
199,10
200,40
201,28
202,85
203,96
204,60
205,82
206,17
207,6
208,66
209,82
210,95
211,74
212,31
213,10
214,82
215,83
216,21
217,53
218,76
219,4
220,9
221,21
222,77
223,88
224,7
225,86
226,17
227,16
228,72
229,15
230,13
231,56
232,30
233,77
234,93
235,73
236,3
237,73
238,3
239,58
240,75
241,82
242,25
243,93
244,83
245,37
246,39
247,78
248,86
249,99
250,38
251,15
252,80
253,7
254,14
255,66
256,10
257,25
258,39
259,89
260,19
261,47
262,84
263,75
264,89
265,10
266,2
267,36
268,73
269,90
270,48
271,76
272,34
273,28
274,32
275,76
276,80
277,51
278,89
279,18
280,16
281,35
282,97
283,40
284,99
285,67
286,62
287,16
288,68
289,23
290,10
291,72
292,49
293,28
294,45
295,100
296,37
297,34
298,94
299,75
300,38
301,1
302,60
303,57
304,54
305,91
306,75
307,1
308,99
309,67
310,63
311,1
312,14
313,18
314,77
315,5
316,76
317,46
318,87
319,53
320,10
321,57
322,14
323,29
324,83
325,60
326,66
327,46
328,69
329,65
330,26
331,85
332,60
333,36
334,64
335,24
336,26
337,38
338,77
339,2
340,76
341,9
342,46
343,82
344,28
345,18
346,61
347,58
348,55
349,1
350,49
351,27
352,15
353,73
354,11
355,99
356,93
357,37
358,100
359,27
360,88
361,5
362,8
363,18
364,45
365,55
366,62
367,80
368,7
369,62
370,70
371,87
372,38
373,55
374,28
375,19
376,90
377,80
378,98
379,57
380,73
381,89
382,11
383,12
384,67
385,16
386,100
387,90
388,5
389,59
390,83
391,29
392,43
393,45
394,13
395,79
396,20
397,80
398,85
399,8
400,92
401,50
402,67
403,73
404,80
405,62
406,33
407,75
408,93
409,34
410,33
411,3
412,69
413,11
414,63
415,65
416,18
417,46
418,29
419,33
420,81
421,73
422,43
423,66
424,46
425,54
426,43
427,49
428,88
429,37
430,62
431,92
432,49
433,17
434,60
435,87
436,56
437,76
438,98
439,9
440,8
441,3
442,62
443,89
444,93
445,78
446,80
447,52
448,74
449,76
450,24
451,54
452,31
453,47
454,36
455,44
456,68
457,76
458,32
459,41
460,39
461,62
462,66
463,65
464,6
465,39
466,7
467,97
468,57
469,54
470,1
471,19
472,54
473,52
474,72
475,27
476,79
477,5
478,99
479,60
480,93
481,49
482,40
483,33
484,14
485,51
486,47
487,12
488,88
489,34
490,99
491,46
492,51
493,81
494,33
495,22
496,3
497,6
498,86
499,81
500,20
501,13
502,95
503,76
504,82
505,41
506,34
507,54
508,99
509,45
510,61
511,54
512,88
513,37
514,15
515,41
516,80
517,66
518,66
519,60
520,83
521,67
522,7
523,95
524,91
525,98
526,79
527,62
528,71
529,2
530,3
531,32
532,15
533,29
534,96
535,21
536,70
537,3
538,7
539,60
540,50
541,43
542,13
543,79
544,5
545,85
546,5
547,89
548,46
549,57
550,100
551,28
552,63
553,47
554,58
555,18
556,97
557,31
558,14
559,78
560,79
561,42
562,78
563,12
564,59
565,31
566,18
567,73
568,25
569,2
570,42
571,43
572,66
573,29
574,46
575,22
576,46
577,85
578,41
579,46
580,76
581,22
582,14
583,39
584,50
585,85
586,88
587,19
588,96
589,19
590,55
591,47
592,24
593,16
594,36
595,87
596,34
597,74
598,19
599,18
600,12
601,68
602,2
603,50
604,30
605,87
606,92
607,49
608,92
609,57
610,24
611,83
612,53
613,93
614,100
615,27
616,91
617,11
618,74
619,18
620,26
621,38
622,92
623,25
624,98
625,40
626,67
627,14
628,33
629,80
630,92
631,16
632,19
633,50
634,66
635,57
636,35
637,9
638,2
639,32
640,30
641,7
642,5
643,52
644,47
645,34
646,71
647,58
648,82
649,90
650,50
651,53
652,12
653,25
654,38
655,74
656,54
657,44
658,84
659,53
660,60
661,9
662,76
663,69
664,84
665,2
666,86
667,34
668,99
669,79
670,77
671,45
672,74
673,59
674,37
675,57
676,32
677,56
678,43
679,55
680,73
681,54
682,50
683,12
684,99
685,40
686,78
687,95
688,87
689,5
690,49
691,26
692,13
693,59
694,41
695,11
696,3
697,95
698,18
699,86
700,13
701,18
702,15
703,3
704,24
705,51
706,90
707,94
708,42
709,100
710,62
711,59
712,58
713,33
714,80
715,34
716,57
717,35
718,32
719,51
720,6
721,1
722,70
723,5
724,46
725,16
726,28
727,38
728,21
729,45
730,4
731,46
732,30
733,14
734,50
735,42
736,41
737,1
738,35
739,72
740,11
741,46
742,84
743,85
744,84
745,60
746,31
747,63
748,14
749,48
750,74
751,9
752,52
753,27
754,30
755,85
756,68
757,8
758,13
759,71
760,81
761,61
762,97
763,59
764,39
765,43
766,19
767,35
768,10
769,83
770,21
771,35
772,55
773,95
774,16
775,38
776,19
777,15
778,91
779,83
780,97
781,11
782,10
783,81
784,20
785,4
786,29
787,10
788,46
789,94
790,12
791,100
792,23
793,56
794,59
795,35
796,37
797,57
798,51
799,40
800,70
801,98
802,19
803,68
804,70
805,54
806,20
807,67
808,34
809,18
810,18
811,42
812,65
813,45
814,67
815,26
816,93
817,99
818,38
819,4
820,5
821,6
822,1
823,66
824,13
825,69
826,40
827,45
828,25
829,92
830,9
831,9
832,64
833,20
834,37
835,91
836,46
837,60
838,28
839,18
840,90
841,82
842,12
843,71
844,62
845,36
846,5
847,10
848,80
849,18
850,42
851,64
852,65
853,16
854,96
855,30
856,89
857,81
858,30
859,36
860,10
861,62
862,10
863,14
864,89
865,22
866,85
867,38
868,34
869,27
870,15
871,85
872,4
873,93
874,57
875,57
876,22
877,72
878,65
879,56
880,70
881,67
882,40
883,44
884,59
885,28
886,50
887,63
888,50
889,86
890,43
891,71
892,7
893,12
894,25
895,8
896,18
897,17
898,75
899,88
900,56
901,82
902,19
903,28
904,5
905,86
906,27
907,78
908,51
909,35
910,100
911,53
912,58
913,96
914,45
915,97
916,91
917,2
918,90
919,14
920,66
921,99
922,11
923,88
924,39
925,1
926,90
927,68
928,62
929,22
930,44
931,29
932,90
933,47
934,6
935,66
936,3
937,40
938,51
939,12
940,62
941,68
942,39
943,73
944,37
945,17
946,32
947,70
948,58
949,79
950,57
951,86
952,34
953,84
954,2
955,12
956,71
957,33
958,57
959,27
960,97
961,77
962,35
963,60
964,87
965,98
966,36
967,76
968,6
969,44
970,19
971,98
972,86
973,10
974,65
975,93
976,34
977,95
978,11
979,31
980,26
981,55
982,85
983,1
984,81
985,19
986,38
987,94
988,50
989,47
990,67
991,49
992,65
993,49
994,70
995,29
996,58
997,14
998,83
999,38
1000,54